[-0.17350787 -0.45481713  0.34702843]
[-0.18578085 -0.44172206  0.33525286]
[-0.20277987 -0.43635782  0.32539093]
[-0.22148046 -0.43757386  0.31433932]
[-0.2417289  -0.441836    0.30490965]
[-0.26082757 -0.45128865  0.29793718]
[-0.27839015 -0.46219583  0.29331526]
[-0.29934503 -0.46890075  0.28763768]
[-0.3216952  -0.47043717  0.27999562]
[-0.34057204 -0.47166102  0.27177127]
[-0.35784117 -0.47313341  0.26591587]
[-0.37955806 -0.48238679  0.25729329]
[-0.39207788 -0.50163534  0.25469203]
[-0.38376828 -0.53022978  0.26158661]
[-0.3534676  -0.53617193  0.2736499 ]
[-0.33091635 -0.53504682  0.28109679]
[-0.30730801 -0.53124988  0.28841549]
[-0.28483434 -0.53172499  0.29411627]
[-0.25883429 -0.53323791  0.3014633 ]
[-0.23735941 -0.5327357   0.3119109 ]
[-0.2135252  -0.52919272  0.32103723]
[-0.19260897 -0.51639748  0.33174177]
[-0.17943597 -0.50021094  0.34144571]
